1.000000000000000000e+00 3.590090242111034780e-01 2.134921385257237125e-01 2.321419637712779718e-02 3.537182551362395844e-02 1.197924378902740783e-01 2.698233571286711915e-02
3.590090242111034780e-01 1.000000000000000000e+00 7.119490480820181988e-01 -9.113039022589219940e-02 1.041372409775351560e-01 1.044185202302200799e-01 1.169560437830710897e-01
2.134921385257237125e-01 7.119490480820181988e-01 1.000000000000000000e+00 2.400213171935958734e-01 1.308311573517048076e-01 9.067015893153854145e-02 1.925879811464766000e-02
2.321419637712779718e-02 -9.113039022589219940e-02 2.400213171935958734e-01 1.000000000000000000e+00 3.675313942377023135e-01 3.728878916458790438e-01 -6.462410846729937930e-02
3.537182551362395844e-02 1.041372409775351560e-01 1.308311573517048076e-01 3.675313942377023135e-01 1.000000000000000000e+00 1.325856995369124047e-01 7.488487911133095976e-01
1.197924378902740783e-01 1.044185202302200799e-01 9.067015893153854145e-02 3.728878916458790438e-01 1.325856995369124047e-01 1.000000000000000000e+00 1.603282027529273623e-01
2.698233571286711915e-02 1.169560437830710897e-01 1.925879811464766000e-02 -6.462410846729937930e-02 7.488487911133095976e-01 1.603282027529273623e-01 1.000000000000000000e+00
